题目二：
餐厅选址，收益最大化问题（动态规划）
在一个城市中有n个潜在的餐馆位置，这些位置都在同一条直线上，相邻两个位置的距离为1，每个餐馆位置都有一个预计的收益p[i]，
你需要选择若干个位置开设餐馆，使得这些餐馆之间的最小距离不少于一个整数k，使得总收益最大化。
输入数据：
第一行输入两个整数n和k，分别表示餐馆的位置的数量和餐馆之间的最小距离要求 1<=n<=1000,1<=k<=n-1
第二行输入n个整数，表示餐馆未知的预计收益p[i] 
输出数据：
输出一个整数，表示在满足最小距离要求的前提下，能够开设餐馆获得的总收益的最大值。

输入 1：
12 3
1 2 1 4 2 4 9 7 5 4 3 8
输出 1：
22

输入 2：
10 2
2 8 15 1 10 5 19 19 3 5
输出 2：
51

输入 3：
30 4
2 28 15 21 10 5 39 39 3 25 26 26 2 28 2 12 36 23 28 37 32 5 23 34 13 23 22 37 39 16
输出 3：
215

输入 4：
50 5
42 48 35 41 30 5 19 19 23 45 6 6 2 28 2 12 56 3 28 37 52 25 3 34 53 23 22 57 39 36
48 7 12 19 10 53 48 20 56 55 24 52 3 34 34 45 22 32 54 29
输出 4：
409

输入 5：
100 6
42 68 135 101 170 125 79 159 163 65 106 146 82 28 162 92 196 143 28 37 192 5 103
154 93 183 22 117 119 96 48 127 172 139 70 113 68 100 36 95 104 12 123 134 74 65
142 112 54 69 148 45 63 158 38 60 124 142 130 179 117 36 191 43 89 107 41 143 65
49 47 6 91 130 171 151 7 102 194 149 30 24 85 155 157 41 167 177 132 109 145 40
27 124 138 139 119 83 130 142
输出 5：
2356